1.140000000000000000e+02 1.670000000000000000e+02
1.080000000000000000e+02 2.170000000000000000e+02
1.080000000000000000e+02 2.540000000000000000e+02
1.270000000000000000e+02 2.920000000000000000e+02
1.450000000000000000e+02 3.410000000000000000e+02
1.760000000000000000e+02 3.720000000000000000e+02
1.890000000000000000e+02 4.100000000000000000e+02
2.070000000000000000e+02 4.340000000000000000e+02
2.570000000000000000e+02 4.530000000000000000e+02
3.190000000000000000e+02 4.340000000000000000e+02
3.690000000000000000e+02 3.970000000000000000e+02
4.120000000000000000e+02 3.600000000000000000e+02
4.370000000000000000e+02 3.160000000000000000e+02
4.560000000000000000e+02 2.670000000000000000e+02
4.620000000000000000e+02 2.230000000000000000e+02
4.620000000000000000e+02 1.800000000000000000e+02
4.680000000000000000e+02 1.300000000000000000e+02
1.140000000000000000e+02 1.180000000000000000e+02
1.200000000000000000e+02 9.900000000000000000e+01
1.390000000000000000e+02 9.300000000000000000e+01
1.580000000000000000e+02 9.300000000000000000e+01
1.760000000000000000e+02 9.900000000000000000e+01
2.630000000000000000e+02 8.700000000000000000e+01
2.880000000000000000e+02 8.000000000000000000e+01
3.130000000000000000e+02 7.400000000000000000e+01
3.440000000000000000e+02 7.400000000000000000e+01
3.810000000000000000e+02 9.300000000000000000e+01
2.200000000000000000e+02 1.610000000000000000e+02
2.140000000000000000e+02 1.980000000000000000e+02
2.070000000000000000e+02 2.290000000000000000e+02
2.070000000000000000e+02 2.610000000000000000e+02
1.950000000000000000e+02 2.670000000000000000e+02
2.070000000000000000e+02 2.730000000000000000e+02
2.260000000000000000e+02 2.790000000000000000e+02
2.450000000000000000e+02 2.730000000000000000e+02
2.630000000000000000e+02 2.670000000000000000e+02
1.390000000000000000e+02 1.550000000000000000e+02
1.450000000000000000e+02 1.490000000000000000e+02
1.700000000000000000e+02 1.490000000000000000e+02
1.890000000000000000e+02 1.610000000000000000e+02
1.700000000000000000e+02 1.610000000000000000e+02
1.510000000000000000e+02 1.610000000000000000e+02
2.820000000000000000e+02 1.490000000000000000e+02
2.940000000000000000e+02 1.360000000000000000e+02
3.190000000000000000e+02 1.360000000000000000e+02
3.440000000000000000e+02 1.420000000000000000e+02
3.190000000000000000e+02 1.490000000000000000e+02
2.940000000000000000e+02 1.550000000000000000e+02
1.760000000000000000e+02 3.100000000000000000e+02
1.820000000000000000e+02 3.040000000000000000e+02
2.070000000000000000e+02 2.980000000000000000e+02
2.260000000000000000e+02 2.980000000000000000e+02
2.450000000000000000e+02 2.980000000000000000e+02
2.880000000000000000e+02 3.040000000000000000e+02
3.250000000000000000e+02 3.100000000000000000e+02
2.880000000000000000e+02 3.470000000000000000e+02
2.630000000000000000e+02 3.660000000000000000e+02
2.380000000000000000e+02 3.720000000000000000e+02
2.140000000000000000e+02 3.720000000000000000e+02
1.950000000000000000e+02 3.540000000000000000e+02
1.820000000000000000e+02 3.160000000000000000e+02
2.070000000000000000e+02 3.100000000000000000e+02
2.320000000000000000e+02 3.100000000000000000e+02
2.570000000000000000e+02 3.100000000000000000e+02
3.250000000000000000e+02 3.100000000000000000e+02
2.570000000000000000e+02 3.410000000000000000e+02
2.320000000000000000e+02 3.470000000000000000e+02
2.140000000000000000e+02 3.470000000000000000e+02
