2.940000000000000000e+02 4.630000000000000000e+02
3.020000000000000000e+02 5.280000000000000000e+02
3.100000000000000000e+02 5.940000000000000000e+02
3.270000000000000000e+02 6.430000000000000000e+02
3.430000000000000000e+02 7.000000000000000000e+02
3.840000000000000000e+02 7.400000000000000000e+02
4.160000000000000000e+02 7.650000000000000000e+02
4.650000000000000000e+02 7.890000000000000000e+02
5.390000000000000000e+02 8.140000000000000000e+02
6.120000000000000000e+02 7.980000000000000000e+02
6.530000000000000000e+02 7.730000000000000000e+02
6.860000000000000000e+02 7.490000000000000000e+02
7.180000000000000000e+02 7.000000000000000000e+02
7.430000000000000000e+02 6.430000000000000000e+02
7.510000000000000000e+02 5.940000000000000000e+02
7.590000000000000000e+02 5.280000000000000000e+02
7.670000000000000000e+02 4.630000000000000000e+02
3.590000000000000000e+02 4.220000000000000000e+02
4.000000000000000000e+02 4.140000000000000000e+02
4.330000000000000000e+02 4.060000000000000000e+02
4.650000000000000000e+02 4.060000000000000000e+02
4.980000000000000000e+02 4.140000000000000000e+02
6.120000000000000000e+02 4.140000000000000000e+02
6.370000000000000000e+02 4.060000000000000000e+02
6.690000000000000000e+02 4.060000000000000000e+02
7.100000000000000000e+02 4.140000000000000000e+02
7.350000000000000000e+02 4.220000000000000000e+02
5.550000000000000000e+02 4.710000000000000000e+02
5.550000000000000000e+02 5.120000000000000000e+02
5.550000000000000000e+02 5.530000000000000000e+02
5.550000000000000000e+02 5.940000000000000000e+02
5.060000000000000000e+02 6.100000000000000000e+02
5.220000000000000000e+02 6.100000000000000000e+02
5.470000000000000000e+02 6.180000000000000000e+02
5.710000000000000000e+02 6.180000000000000000e+02
5.880000000000000000e+02 6.100000000000000000e+02
4.080000000000000000e+02 4.630000000000000000e+02
4.330000000000000000e+02 4.550000000000000000e+02
4.650000000000000000e+02 4.550000000000000000e+02
4.900000000000000000e+02 4.630000000000000000e+02
4.650000000000000000e+02 4.710000000000000000e+02
4.330000000000000000e+02 4.710000000000000000e+02
6.040000000000000000e+02 4.630000000000000000e+02
6.370000000000000000e+02 4.550000000000000000e+02
6.690000000000000000e+02 4.550000000000000000e+02
6.860000000000000000e+02 4.630000000000000000e+02
6.610000000000000000e+02 4.710000000000000000e+02
6.370000000000000000e+02 4.710000000000000000e+02
4.650000000000000000e+02 6.750000000000000000e+02
4.900000000000000000e+02 6.750000000000000000e+02
5.310000000000000000e+02 6.670000000000000000e+02
5.470000000000000000e+02 6.750000000000000000e+02
5.630000000000000000e+02 6.670000000000000000e+02
5.960000000000000000e+02 6.750000000000000000e+02
6.290000000000000000e+02 6.830000000000000000e+02
5.960000000000000000e+02 7.000000000000000000e+02
5.710000000000000000e+02 7.080000000000000000e+02
5.470000000000000000e+02 7.080000000000000000e+02
5.220000000000000000e+02 7.080000000000000000e+02
4.980000000000000000e+02 7.000000000000000000e+02
4.730000000000000000e+02 6.750000000000000000e+02
5.220000000000000000e+02 6.830000000000000000e+02
5.470000000000000000e+02 6.830000000000000000e+02
5.630000000000000000e+02 6.920000000000000000e+02
6.200000000000000000e+02 6.830000000000000000e+02
5.710000000000000000e+02 6.830000000000000000e+02
5.470000000000000000e+02 6.830000000000000000e+02
5.220000000000000000e+02 6.750000000000000000e+02
