1.880000000000000000e+02 2.560000000000000000e+02
1.930000000000000000e+02 2.860000000000000000e+02
1.970000000000000000e+02 3.160000000000000000e+02
2.050000000000000000e+02 3.420000000000000000e+02
2.100000000000000000e+02 3.760000000000000000e+02
2.270000000000000000e+02 4.020000000000000000e+02
2.490000000000000000e+02 4.150000000000000000e+02
2.740000000000000000e+02 4.320000000000000000e+02
3.130000000000000000e+02 4.450000000000000000e+02
3.520000000000000000e+02 4.320000000000000000e+02
3.780000000000000000e+02 4.110000000000000000e+02
3.950000000000000000e+02 3.940000000000000000e+02
4.080000000000000000e+02 3.630000000000000000e+02
4.170000000000000000e+02 3.290000000000000000e+02
4.170000000000000000e+02 2.990000000000000000e+02
4.210000000000000000e+02 2.690000000000000000e+02
4.210000000000000000e+02 2.380000000000000000e+02
2.140000000000000000e+02 2.260000000000000000e+02
2.270000000000000000e+02 2.210000000000000000e+02
2.440000000000000000e+02 2.170000000000000000e+02
2.610000000000000000e+02 2.170000000000000000e+02
2.790000000000000000e+02 2.210000000000000000e+02
3.350000000000000000e+02 2.170000000000000000e+02
3.520000000000000000e+02 2.130000000000000000e+02
3.650000000000000000e+02 2.080000000000000000e+02
3.860000000000000000e+02 2.130000000000000000e+02
3.990000000000000000e+02 2.170000000000000000e+02
3.090000000000000000e+02 2.510000000000000000e+02
3.090000000000000000e+02 2.770000000000000000e+02
3.090000000000000000e+02 2.940000000000000000e+02
3.130000000000000000e+02 3.120000000000000000e+02
2.870000000000000000e+02 3.200000000000000000e+02
2.960000000000000000e+02 3.250000000000000000e+02
3.130000000000000000e+02 3.250000000000000000e+02
3.260000000000000000e+02 3.200000000000000000e+02
3.350000000000000000e+02 3.160000000000000000e+02
2.360000000000000000e+02 2.470000000000000000e+02
2.490000000000000000e+02 2.430000000000000000e+02
2.610000000000000000e+02 2.430000000000000000e+02
2.740000000000000000e+02 2.470000000000000000e+02
2.660000000000000000e+02 2.560000000000000000e+02
2.490000000000000000e+02 2.560000000000000000e+02
3.350000000000000000e+02 2.470000000000000000e+02
3.520000000000000000e+02 2.380000000000000000e+02
3.650000000000000000e+02 2.380000000000000000e+02
3.780000000000000000e+02 2.430000000000000000e+02
3.650000000000000000e+02 2.470000000000000000e+02
3.520000000000000000e+02 2.510000000000000000e+02
2.530000000000000000e+02 3.500000000000000000e+02
2.740000000000000000e+02 3.460000000000000000e+02
3.000000000000000000e+02 3.420000000000000000e+02
3.130000000000000000e+02 3.420000000000000000e+02
3.260000000000000000e+02 3.420000000000000000e+02
3.480000000000000000e+02 3.420000000000000000e+02
3.650000000000000000e+02 3.500000000000000000e+02
3.480000000000000000e+02 3.720000000000000000e+02
3.300000000000000000e+02 3.810000000000000000e+02
3.130000000000000000e+02 3.850000000000000000e+02
2.960000000000000000e+02 3.850000000000000000e+02
2.790000000000000000e+02 3.760000000000000000e+02
2.570000000000000000e+02 3.500000000000000000e+02
2.960000000000000000e+02 3.500000000000000000e+02
3.130000000000000000e+02 3.500000000000000000e+02
3.300000000000000000e+02 3.500000000000000000e+02
3.650000000000000000e+02 3.500000000000000000e+02
3.300000000000000000e+02 3.680000000000000000e+02
3.130000000000000000e+02 3.680000000000000000e+02
2.960000000000000000e+02 3.680000000000000000e+02
