8.000000000000000000e+01 1.070000000000000000e+02
8.200000000000000000e+01 1.200000000000000000e+02
8.400000000000000000e+01 1.320000000000000000e+02
8.500000000000000000e+01 1.430000000000000000e+02
9.100000000000000000e+01 1.540000000000000000e+02
9.800000000000000000e+01 1.640000000000000000e+02
1.030000000000000000e+02 1.700000000000000000e+02
1.100000000000000000e+02 1.750000000000000000e+02
1.260000000000000000e+02 1.790000000000000000e+02
1.430000000000000000e+02 1.750000000000000000e+02
1.530000000000000000e+02 1.680000000000000000e+02
1.600000000000000000e+02 1.610000000000000000e+02
1.680000000000000000e+02 1.500000000000000000e+02
1.710000000000000000e+02 1.360000000000000000e+02
1.730000000000000000e+02 1.230000000000000000e+02
1.750000000000000000e+02 1.110000000000000000e+02
1.770000000000000000e+02 9.600000000000000000e+01
8.500000000000000000e+01 9.300000000000000000e+01
8.900000000000000000e+01 8.900000000000000000e+01
9.600000000000000000e+01 8.600000000000000000e+01
1.010000000000000000e+02 8.700000000000000000e+01
1.090000000000000000e+02 8.700000000000000000e+01
1.340000000000000000e+02 8.700000000000000000e+01
1.410000000000000000e+02 8.600000000000000000e+01
1.480000000000000000e+02 8.400000000000000000e+01
1.550000000000000000e+02 8.400000000000000000e+01
1.620000000000000000e+02 8.900000000000000000e+01
1.210000000000000000e+02 1.050000000000000000e+02
1.210000000000000000e+02 1.140000000000000000e+02
1.210000000000000000e+02 1.230000000000000000e+02
1.210000000000000000e+02 1.320000000000000000e+02
1.140000000000000000e+02 1.340000000000000000e+02
1.180000000000000000e+02 1.360000000000000000e+02
1.230000000000000000e+02 1.360000000000000000e+02
1.260000000000000000e+02 1.360000000000000000e+02
1.320000000000000000e+02 1.340000000000000000e+02
9.400000000000000000e+01 1.030000000000000000e+02
9.800000000000000000e+01 1.020000000000000000e+02
1.030000000000000000e+02 1.020000000000000000e+02
1.100000000000000000e+02 1.030000000000000000e+02
1.050000000000000000e+02 1.050000000000000000e+02
9.800000000000000000e+01 1.050000000000000000e+02
1.350000000000000000e+02 1.030000000000000000e+02
1.430000000000000000e+02 1.000000000000000000e+02
1.480000000000000000e+02 1.000000000000000000e+02
1.530000000000000000e+02 1.020000000000000000e+02
1.480000000000000000e+02 1.030000000000000000e+02
1.410000000000000000e+02 1.050000000000000000e+02
1.050000000000000000e+02 1.460000000000000000e+02
1.120000000000000000e+02 1.450000000000000000e+02
1.190000000000000000e+02 1.430000000000000000e+02
1.230000000000000000e+02 1.450000000000000000e+02
1.260000000000000000e+02 1.430000000000000000e+02
1.350000000000000000e+02 1.450000000000000000e+02
1.440000000000000000e+02 1.460000000000000000e+02
1.350000000000000000e+02 1.480000000000000000e+02
1.280000000000000000e+02 1.500000000000000000e+02
1.230000000000000000e+02 1.500000000000000000e+02
1.180000000000000000e+02 1.500000000000000000e+02
1.120000000000000000e+02 1.500000000000000000e+02
1.070000000000000000e+02 1.460000000000000000e+02
1.180000000000000000e+02 1.460000000000000000e+02
1.230000000000000000e+02 1.460000000000000000e+02
1.280000000000000000e+02 1.460000000000000000e+02
1.430000000000000000e+02 1.460000000000000000e+02
1.280000000000000000e+02 1.450000000000000000e+02
1.230000000000000000e+02 1.450000000000000000e+02
1.180000000000000000e+02 1.450000000000000000e+02
