2.310000000000000000e+02 4.620000000000000000e+02
2.310000000000000000e+02 5.240000000000000000e+02
2.400000000000000000e+02 5.870000000000000000e+02
2.490000000000000000e+02 6.410000000000000000e+02
2.670000000000000000e+02 7.040000000000000000e+02
3.020000000000000000e+02 7.660000000000000000e+02
3.470000000000000000e+02 8.110000000000000000e+02
4.010000000000000000e+02 8.560000000000000000e+02
4.820000000000000000e+02 8.830000000000000000e+02
5.530000000000000000e+02 8.560000000000000000e+02
6.070000000000000000e+02 8.020000000000000000e+02
6.430000000000000000e+02 7.570000000000000000e+02
6.700000000000000000e+02 6.950000000000000000e+02
6.790000000000000000e+02 6.320000000000000000e+02
6.880000000000000000e+02 5.690000000000000000e+02
6.880000000000000000e+02 5.150000000000000000e+02
6.970000000000000000e+02 4.440000000000000000e+02
2.760000000000000000e+02 4.530000000000000000e+02
3.020000000000000000e+02 4.440000000000000000e+02
3.380000000000000000e+02 4.440000000000000000e+02
3.740000000000000000e+02 4.530000000000000000e+02
4.010000000000000000e+02 4.620000000000000000e+02
5.260000000000000000e+02 4.530000000000000000e+02
5.530000000000000000e+02 4.440000000000000000e+02
5.800000000000000000e+02 4.350000000000000000e+02
6.160000000000000000e+02 4.350000000000000000e+02
6.430000000000000000e+02 4.440000000000000000e+02
4.640000000000000000e+02 5.330000000000000000e+02
4.640000000000000000e+02 5.780000000000000000e+02
4.730000000000000000e+02 6.230000000000000000e+02
4.730000000000000000e+02 6.590000000000000000e+02
4.280000000000000000e+02 6.590000000000000000e+02
4.460000000000000000e+02 6.680000000000000000e+02
4.730000000000000000e+02 6.770000000000000000e+02
5.000000000000000000e+02 6.680000000000000000e+02
5.090000000000000000e+02 6.590000000000000000e+02
3.290000000000000000e+02 5.060000000000000000e+02
3.470000000000000000e+02 5.060000000000000000e+02
3.740000000000000000e+02 4.970000000000000000e+02
4.010000000000000000e+02 5.150000000000000000e+02
3.830000000000000000e+02 5.240000000000000000e+02
3.470000000000000000e+02 5.240000000000000000e+02
5.260000000000000000e+02 5.150000000000000000e+02
5.530000000000000000e+02 4.970000000000000000e+02
5.800000000000000000e+02 4.970000000000000000e+02
5.980000000000000000e+02 4.970000000000000000e+02
5.800000000000000000e+02 5.150000000000000000e+02
5.530000000000000000e+02 5.150000000000000000e+02
3.830000000000000000e+02 7.220000000000000000e+02
4.100000000000000000e+02 7.130000000000000000e+02
4.550000000000000000e+02 7.040000000000000000e+02
4.730000000000000000e+02 7.130000000000000000e+02
4.910000000000000000e+02 7.040000000000000000e+02
5.350000000000000000e+02 7.130000000000000000e+02
5.710000000000000000e+02 7.130000000000000000e+02
5.350000000000000000e+02 7.570000000000000000e+02
5.090000000000000000e+02 7.750000000000000000e+02
4.730000000000000000e+02 7.840000000000000000e+02
4.460000000000000000e+02 7.840000000000000000e+02
4.100000000000000000e+02 7.570000000000000000e+02
3.830000000000000000e+02 7.220000000000000000e+02
4.460000000000000000e+02 7.220000000000000000e+02
4.730000000000000000e+02 7.300000000000000000e+02
5.000000000000000000e+02 7.220000000000000000e+02
5.620000000000000000e+02 7.130000000000000000e+02
5.000000000000000000e+02 7.480000000000000000e+02
4.730000000000000000e+02 7.480000000000000000e+02
4.460000000000000000e+02 7.480000000000000000e+02
